   20.3111,     3.8646,    44.4438
    4.4225,     3.8646,    45.0000
    5.3070,     3.8646,    45.0000
    6.1915,     3.8646,    45.0000
    2.6535,     3.8646,    45.0000
    1.7690,     3.8646,    45.0000
    3.5380,     3.8646,    45.0000
     .8845,     3.8646,    45.0000
     .0000,     3.8646,    45.0000
    7.0759,     3.8646,    45.0000
   19.4308,     3.8646,    44.5432
   18.5498,     3.8646,    44.6328
   17.6682,     3.8646,    44.7127
   16.7863,     3.8646,    44.7827
   15.9041,     3.8646,    44.8430
   15.0219,     3.8646,    44.8934
   14.1397,     3.8646,    44.9341
   13.2579,     3.8646,    44.9651
   12.3764,     3.8646,    44.9863
   11.4955,     3.8646,    44.9977
   10.6139,     3.8646,    45.0000
    9.7294,     3.8646,    45.0000
    8.8449,     3.8646,    45.0000
    7.9604,     3.8646,    45.0000
   21.1905,     3.8646,    44.3346
   22.0689,     3.8646,    44.2157
   22.9460,     3.8646,    44.0870
   23.8218,     3.8646,    43.9485
   24.6961,     3.8646,    43.8004
   25.5686,     3.8646,    43.6426
   26.4394,     3.8646,    43.4751
   27.3081,     3.8646,    43.2980
   28.1746,     3.8646,    43.1113
   29.0388,     3.8646,    42.9151
   29.9005,     3.8646,    42.7094
   30.7596,     3.8646,    42.4942
   31.6159,     3.8646,    42.2696
   32.4692,     3.8646,    42.0357
   33.3195,     3.8646,    41.7925
  170.0000,     3.8646,    50.0000
  167.3466,     3.8646,    50.0000
  162.9241,     3.8646,    50.0000
  169.1155,     3.8646,    50.0000
  166.4621,     3.8646,    50.0000
  168.2311,     3.8646,    50.0000
  163.8086,     3.8646,    50.0000
  164.6931,     3.8646,    50.0000
  165.5776,     3.8646,    50.0000
  121.5817,     3.8646,    39.0799
  111.9623,     3.8646,    34.5943
  155.8632,     3.8646,    49.9504
  142.7505,     3.8646,    47.9496
  132.0028,     3.8646,    43.9393
  122.3834,     3.8646,    39.4537
  112.7639,     3.8646,    34.9681
  156.7432,     3.8646,    49.9798
  143.6095,     3.8646,    48.1734
  132.8044,     3.8646,    44.3131
  144.4720,     3.8646,    48.3844
  135.2172,     3.8646,    45.3814
  123.9866,     3.8646,    40.2013
  113.5656,     3.8646,    35.3419
  157.6222,     3.8646,    49.9962
  147.9501,     3.8646,    49.1003
  136.0334,     3.8646,    45.7147
  124.7882,     3.8646,    40.5751
  114.3672,     3.8646,    35.7157
  158.5017,     3.8646,    50.0000
  148.8253,     3.8646,    49.2469
  136.8555,     3.8646,    46.0362
  125.5898,     3.8646,    40.9489
  115.1688,     3.8646,    36.0895
  159.3862,     3.8646,    50.0000
  149.7022,     3.8646,    49.3805
  137.6831,     3.8646,    46.3460
  126.3915,     3.8646,    41.3227
  115.9704,     3.8646,    36.4633
  160.2707,     3.8646,    50.0000
  150.5805,     3.8646,    49.5011
  138.5159,     3.8646,    46.6438
  127.1931,     3.8646,    41.6965
  116.7720,     3.8646,    36.8371
  120.7801,     3.8646,    38.7061
  151.4599,     3.8646,    49.6086
  139.3538,     3.8646,    46.9296
  127.9947,     3.8646,    42.0703
  117.5736,     3.8646,    37.2109
  161.1552,     3.8646,    50.0000
  152.3401,     3.8646,    49.7031
  140.1965,     3.8646,    47.2032
  128.7963,     3.8646,    42.4441
  118.3753,     3.8646,    37.5847
  162.0396,     3.8646,    50.0000
  153.2208,     3.8646,    49.7845
  145.3375,     3.8646,    48.5827
  134.4070,     3.8646,    45.0367
  123.1850,     3.8646,    39.8275
  147.0769,     3.8646,    48.9407
  146.2059,     3.8646,    48.7681
  129.5979,     3.8646,    42.8179
  119.1769,     3.8646,    37.9585
  109.5575,     3.8646,    33.4729
  154.1018,     3.8646,    49.8528
  141.0437,     3.8646,    47.4644
  130.3995,     3.8646,    43.1917
  119.9785,     3.8646,    38.3323
  110.3591,     3.8646,    33.8467
  154.9827,     3.8646,    49.9081
  141.8951,     3.8646,    47.7133
  131.2012,     3.8646,    43.5655
  133.6030,     3.8646,    44.6807
  111.1607,     3.8646,    34.2205
   97.7209,     3.8646,    30.0854
   89.7724,     3.8646,    30.0000
   88.8880,     3.8646,    30.0000
   83.5810,     3.8646,    30.0000
   65.9320,     3.8646,    30.6780
  103.8191,     3.8646,    31.1884
   56.6331,     3.8646,    33.4865
   79.1586,     3.8646,    30.0000
   72.0874,     3.8646,    30.0173
   58.2954,     3.8646,    32.8815
   67.6819,     3.8646,    30.3916
   86.2345,     3.8646,    30.0000
   54.1397,     3.8646,    34.3940
   94.1949,     3.8646,    30.0000
   84.4655,     3.8646,    30.0000
   72.9686,     3.8646,    30.0011
   62.4816,     3.8646,    31.4810
  104.6668,     3.8646,    31.4480
   95.0794,     3.8646,    30.0000
   85.3500,     3.8646,    30.0000
   69.4415,     3.8646,    30.1832
   54.9709,     3.8646,    34.0915
   91.5414,     3.8646,    30.0000
   81.8121,     3.8646,    30.0000
   99.4812,     3.8646,    30.2708
   90.6569,     3.8646,    30.0000
   82.6965,     3.8646,    30.0000
   71.2054,     3.8646,    30.0531
   74.7362,     3.8646,    30.0000
   59.1266,     3.8646,    32.5790
   60.7911,     3.8646,    31.9948
  102.9632,     3.8646,    30.9537
   93.3104,     3.8646,    30.0000
   98.6017,     3.8646,    30.1651
  101.2317,     3.8646,    30.5606
   61.6330,     3.8646,    31.7287
   92.4259,     3.8646,    30.0000
  107.9553,     3.8646,    32.7265
  106.3336,     3.8646,    32.0403
  100.3582,     3.8646,    30.4027
   70.3232,     3.8646,    30.1083
   57.4643,     3.8646,    33.1840
   73.8517,     3.8646,    30.0000
  108.7558,     3.8646,    33.0991
   80.9276,     3.8646,    30.0000
   78.2741,     3.8646,    30.0000
   55.8020,     3.8646,    33.7890
   96.8401,     3.8646,    30.0318
   87.1190,     3.8646,    30.0000
   68.5608,     3.8646,    30.2776
   63.3364,     3.8646,    31.2519
  105.5053,     3.8646,    31.7321
   80.0431,     3.8646,    30.0000
   76.5051,     3.8646,    30.0000
   59.9567,     3.8646,    32.2789
   64.1969,     3.8646,    31.0415
   77.3896,     3.8646,    30.0000
   66.8054,     3.8646,    30.5251
   75.6206,     3.8646,    30.0000
  102.1004,     3.8646,    30.7444
   65.0623,     3.8646,    30.8502
  107.1506,     3.8646,    32.3720
   95.9603,     3.8646,    30.0042
   88.0035,     3.8646,    30.0000
   34.1665,     3.8646,    41.5401
   35.0100,     3.8646,    41.2785
   35.8501,     3.8646,    41.0078
   36.6864,     3.8646,    40.7281
   37.5189,     3.8646,    40.4394
   38.3479,     3.8646,    40.1418
   39.1791,     3.8646,    39.8393
   40.0102,     3.8646,    39.5367
   40.8414,     3.8646,    39.2342
   41.6725,     3.8646,    38.9317
   42.5037,     3.8646,    38.6292
   43.3348,     3.8646,    38.3267
   44.1659,     3.8646,    38.0242
   44.9971,     3.8646,    37.7217
   45.8282,     3.8646,    37.4192
   46.6594,     3.8646,    37.1166
   47.4905,     3.8646,    36.8141
   48.3217,     3.8646,    36.5116
   49.1528,     3.8646,    36.2091
   49.9840,     3.8646,    35.9066
   50.8151,     3.8646,    35.6041
   51.6463,     3.8646,    35.3016
   52.4774,     3.8646,    34.9991
   53.3086,     3.8646,    34.6965
